   6490.00    -0.07
   6491.00    -0.07
   6492.00    -0.06
   6493.00    -0.06
   6494.00    -0.06
   6495.00    -0.06
   6496.00    -0.05
   6497.00    -0.05
   6498.00    -0.05
   6499.00    -0.05
   6500.00    -0.04
   6501.00    -0.04
   6502.00    -0.04
   6503.00    -0.04
   6504.00    -0.03
   6505.00    -0.03
   6506.00    -0.03
   6507.00    -0.03
   6508.00    -0.02
   6509.00    -0.02
   6510.00    -0.02
   6511.00    -0.02
   6512.00    -0.01
   6513.00    -0.01
   6514.00    -0.01
   6515.00    -0.01
   6516.00     0.00
   6517.00     0.00
   6518.00     0.00
   6519.00     0.00
   6520.00     0.01
   6521.00     0.01
   6522.00     0.01
   6523.00     0.01
   6524.00     0.02
   6525.00     0.02
   6526.00     0.02
   6527.00     0.02
   6528.00     0.03
   6529.00     0.03
   6530.00     0.03
   6531.00     0.03
   6532.00     0.03
   6533.00     0.04
   6534.00     0.04
   6535.00     0.04
   6536.00     0.04
   6537.00     0.05
   6538.00     0.05
   6539.00     0.05
   6540.00     0.05
   6541.00     0.06
   6542.00     0.06
   6543.00     0.06
   6544.00     0.06
   6545.00     0.07
   6546.00     0.07
   6547.00     0.07
   6548.00     0.07
   6549.00     0.08
   6550.00     0.08
   6551.00     0.08
   6552.00     0.00
   6553.00     0.04
   6554.00     0.01
   6555.00     0.13
   6556.00     0.01
   6557.00     0.00
   6558.00     0.04
   6559.00     0.03
   6560.00     0.05
   6561.00     0.11
   6562.00    -0.05
   6563.00    -0.01
   6564.00    -0.04
   6565.00     0.05
   6566.00     0.08
   6567.00     0.02
   6568.00     0.09
   6569.00     0.07
   6570.00     0.06
   6571.00     0.15
   6572.00     0.15
   6573.00     0.06
   6574.00     0.06
   6575.00     0.14
   6576.00     0.12
   6577.00     0.05
   6578.00     0.11
   6579.00     0.12
   6580.00     0.11
   6581.00     0.11
   6582.00     0.11
   6583.00     0.03
   6584.00     0.08
   6585.00     0.13
   6586.00     0.21
   6587.00     0.08
   6588.00     0.10
   6589.00     0.09
   6590.00     0.17
   6591.00     0.24
   6592.00     0.21
   6593.00     0.17
   6594.00     0.14
   6595.00     0.29
   6596.00     0.22
   6597.00     0.19
   6598.00     0.21
   6599.00     0.16
   6600.00     0.23
   6601.00     0.18
   6602.00     0.26
   6603.00     0.41
   6604.00     0.34
   6605.00     0.33
   6606.00     0.46
   6607.00     0.43
   6608.00     0.49
   6609.00     0.62
   6610.00     0.53
   6611.00     0.57
   6612.00     0.66
   6613.00     0.58
   6614.00     0.55
   6615.00     0.60
   6616.00     0.74
   6617.00     0.69
   6618.00     0.80
   6619.00     0.92
   6620.00     0.87
   6621.00     0.99
   6622.00     1.11
   6623.00     1.30
   6624.00     1.38
   6625.00     1.51
   6626.00     1.60
   6627.00     1.82
   6628.00     2.08
   6629.00     2.42
   6630.00     2.40
   6631.00     2.53
   6632.00     2.71
   6633.00     3.00
   6634.00     3.31
   6635.00     3.71
   6636.00     3.90
   6637.00     4.47
   6638.00     4.89
   6639.00     5.54
   6640.00     5.90
   6641.00     6.67
   6642.00     7.22
   6643.00     8.17
   6644.00     8.89
   6645.00    10.11
   6646.00    11.22
   6647.00    12.36
   6648.00    13.95
   6649.00    15.53
   6650.00    17.75
   6651.00    19.71
   6652.00    21.98
   6653.00    24.68
   6654.00    27.67
   6655.00    31.31
   6656.00    34.53
   6657.00    37.80
   6658.00    41.74
   6659.00    45.56
   6660.00    49.40
   6661.00    53.67
   6662.00    57.74
   6663.00    61.28
   6664.00    64.74
   6665.00    67.96
   6666.00    70.94
   6667.00    73.56
   6668.00    76.42
   6669.00    78.80
   6670.00    79.94
   6671.00    81.31
   6672.00    82.08
   6673.00    82.70
   6674.00    83.78
   6675.00    84.61
   6676.00    84.56
   6677.00    85.22
   6678.00    84.62
   6679.00    85.34
   6680.00    84.60
   6681.00    85.09
   6682.00    85.15
   6683.00    84.82
   6684.00    83.66
   6685.00    84.74
   6686.00    84.32
   6687.00    85.39
   6688.00    85.28
   6689.00    84.80
   6690.00    84.40
   6691.00    85.18
   6692.00    85.45
   6693.00    84.54
   6694.00    84.48
   6695.00    85.29
   6696.00    86.21
   6697.00    85.49
   6698.00    85.81
   6699.00    86.64
   6700.00    85.84
   6701.00    86.01
   6702.00    86.40
   6703.00    86.09
   6704.00    87.07
   6705.00    86.68
   6706.00    86.73
   6707.00    86.36
   6708.00    86.30
   6709.00    86.43
   6710.00    86.46
   6711.00    85.94
   6712.00    86.87
   6713.00    86.11
   6714.00    86.68
   6715.00    87.47
   6716.00    87.53
   6717.00    87.15
   6718.00    87.33
   6719.00    86.76
   6720.00    87.29
   6721.00    87.27
   6722.00    86.68
   6723.00    86.04
   6724.00    86.15
   6725.00    86.03
   6726.00    84.61
   6727.00    84.09
   6728.00    84.74
   6729.00    82.59
   6730.00    81.29
   6731.00    80.23
   6732.00    77.83
   6733.00    74.03
   6734.00    72.05
   6735.00    70.39
   6736.00    66.81
   6737.00    63.09
   6738.00    59.47
   6739.00    54.92
   6740.00    51.31
   6741.00    47.05
   6742.00    42.75
   6743.00    39.44
   6744.00    35.94
   6745.00    32.48
   6746.00    29.56
   6747.00    27.03
   6748.00    23.77
   6749.00    21.82
   6750.00    19.45
   6751.00    17.58
   6752.00    16.02
   6753.00    14.47
   6754.00    12.62
   6755.00    11.58
   6756.00    10.49
   6757.00     9.47
   6758.00     8.55
   6759.00     7.64
   6760.00     7.21
   6761.00     6.45
   6762.00     5.95
   6763.00     5.32
   6764.00     4.97
   6765.00     4.64
   6766.00     4.19
   6767.00     3.81
   6768.00     3.39
   6769.00     3.10
   6770.00     2.85
   6771.00     2.56
   6772.00     2.46
   6773.00     2.37
   6774.00     2.10
   6775.00     1.94
   6776.00     1.75
   6777.00     1.63
   6778.00     1.42
   6779.00     1.30
   6780.00     1.22
   6781.00     1.03
   6782.00     1.10
   6783.00     0.99
   6784.00     0.84
   6785.00     0.71
   6786.00     0.90
   6787.00     0.54
   6788.00     0.76
   6789.00     0.66
   6790.00     0.57
   6791.00     0.60
   6792.00     0.49
   6793.00     0.49
   6794.00     0.54
   6795.00     0.58
   6796.00     0.50
   6797.00     0.45
   6798.00     0.45
   6799.00     0.39
   6800.00     0.25
   6801.00     0.24
   6802.00     0.27
   6803.00     0.34
   6804.00     0.34
   6805.00     0.17
   6806.00     0.09
   6807.00     0.29
   6808.00     0.19
   6809.00     0.28
   6810.00     0.25
   6811.00     0.21
   6812.00     0.05
   6813.00     0.22
   6814.00     0.19
   6815.00     0.18
   6816.00     0.27
   6817.00     0.13
   6818.00     0.16
   6819.00     0.14
   6820.00     0.22
   6821.00     0.16
   6822.00     0.12
   6823.00     0.07
   6824.00     0.11
   6825.00     0.02
   6826.00     0.08
   6827.00     0.10
   6828.00     0.07
   6829.00     0.12
   6830.00     0.00
   6831.00     0.07
   6832.00     0.06
   6833.00     0.01
   6834.00     0.10
   6835.00     0.15
   6836.00     0.19
   6837.00     0.06
   6838.00    -0.11
   6839.00     0.10
   6840.00     0.13
   6841.00     0.27
   6842.00     0.08
   6843.00     0.15
   6844.00     0.04
   6845.00     0.09
   6846.00     0.14
   6847.00     0.14
   6848.00     0.08
   6849.00     0.03

