   6540.00    -5.77
   6541.00    -5.67
   6542.00    -5.57
   6543.00    -5.48
   6544.00    -5.38
   6545.00    -5.28
   6546.00    -5.19
   6547.00    -5.09
   6548.00    -4.99
   6549.00    -4.89
   6550.00    -4.80
   6551.00    -4.70
   6552.00    -4.60
   6553.00    -4.51
   6554.00    -4.41
   6555.00    -4.31
   6556.00    -4.22
   6557.00    -4.12
   6558.00    -4.02
   6559.00    -3.93
   6560.00    -3.83
   6561.00    -3.73
   6562.00    -3.64
   6563.00    -3.54
   6564.00    -3.44
   6565.00    -3.35
   6566.00    -3.25
   6567.00    -3.15
   6568.00    -3.06
   6569.00    -2.96
   6570.00    -2.86
   6571.00    -2.77
   6572.00    -2.67
   6573.00    -2.57
   6574.00    -2.48
   6575.00    -2.38
   6576.00    -2.28
   6577.00    -2.19
   6578.00    -2.09
   6579.00    -1.99
   6580.00    -1.90
   6581.00    -1.80
   6582.00    -1.70
   6583.00    -1.61
   6584.00    -1.51
   6585.00    -1.41
   6586.00    -1.32
   6587.00    -1.22
   6588.00    -1.12
   6589.00    -1.03
   6590.00    -0.93
   6591.00    -0.83
   6592.00    -0.74
   6593.00    -0.64
   6594.00    -0.54
   6595.00    -0.45
   6596.00    -0.35
   6597.00    -0.25
   6598.00    -0.16
   6599.00    -0.06
   6600.00     0.04
   6601.00     0.13
   6602.00     0.08
   6603.00     0.03
   6604.00     0.06
   6605.00     0.10
   6606.00     0.07
   6607.00     0.17
   6608.00     0.23
   6609.00    -0.03
   6610.00     0.04
   6611.00     0.01
   6612.00     0.09
   6613.00     0.09
   6614.00     0.10
   6615.00     0.13
   6616.00     0.13
   6617.00     0.00
   6618.00     0.16
   6619.00     0.16
   6620.00     0.25
   6621.00     0.10
   6622.00     0.15
   6623.00    -0.02
   6624.00     0.07
   6625.00     0.25
   6626.00     0.15
   6627.00     0.11
   6628.00     0.15
   6629.00     0.23
   6630.00     0.28
   6631.00     0.24
   6632.00     0.29
   6633.00     0.26
   6634.00     0.23
   6635.00     0.33
   6636.00     0.37
   6637.00     0.40
   6638.00     0.29
   6639.00     0.42
   6640.00     0.42
   6641.00     0.41
   6642.00     0.47
   6643.00     0.44
   6644.00     0.45
   6645.00     0.55
   6646.00     0.66
   6647.00     0.67
   6648.00     0.70
   6649.00     0.67
   6650.00     0.74
   6651.00     0.75
   6652.00     0.82
   6653.00     1.00
   6654.00     0.94
   6655.00     1.14
   6656.00     1.11
   6657.00     1.19
   6658.00     1.36
   6659.00     1.47
   6660.00     1.63
   6661.00     1.80
   6662.00     2.02
   6663.00     2.30
   6664.00     2.34
   6665.00     2.53
   6666.00     2.71
   6667.00     3.26
   6668.00     3.55
   6669.00     4.03
   6670.00     4.31
   6671.00     4.79
   6672.00     5.51
   6673.00     5.81
   6674.00     6.52
   6675.00     7.40
   6676.00     8.05
   6677.00     9.27
   6678.00    10.08
   6679.00    11.36
   6680.00    12.52
   6681.00    13.61
   6682.00    15.36
   6683.00    16.76
   6684.00    18.60
   6685.00    20.46
   6686.00    23.28
   6687.00    25.07
   6688.00    27.52
   6689.00    30.23
   6690.00    32.71
   6691.00    36.31
   6692.00    39.51
   6693.00    42.41
   6694.00    46.59
   6695.00    50.88
   6696.00    54.46
   6697.00    58.06
   6698.00    63.11
   6699.00    67.54
   6700.00    70.41
   6701.00    74.25
   6702.00    79.18
   6703.00    81.60
   6704.00    83.85
   6705.00    85.70
   6706.00    87.06
   6707.00    88.12
   6708.00    89.12
   6709.00    89.12
   6710.00    89.26
   6711.00    88.74
   6712.00    89.42
   6713.00    89.48
   6714.00    89.70
   6715.00    90.38
   6716.00    90.70
   6717.00    90.22
   6718.00    90.72
   6719.00    90.33
   6720.00    91.15
   6721.00    90.98
   6722.00    91.01
   6723.00    91.25
   6724.00    90.85
   6725.00    90.83
   6726.00    91.92
   6727.00    91.70
   6728.00    91.35
   6729.00    91.32
   6730.00    91.47
   6731.00    90.36
   6732.00    90.89
   6733.00    89.90
   6734.00    91.05
   6735.00    91.94
   6736.00    91.74
   6737.00    92.04
   6738.00    91.55
   6739.00    91.78
   6740.00    91.94
   6741.00    91.50
   6742.00    91.86
   6743.00    92.08
   6744.00    90.98
   6745.00    91.41
   6746.00    90.98
   6747.00    91.79
   6748.00    90.80
   6749.00    90.58
   6750.00    89.93
   6751.00    90.77
   6752.00    91.53
   6753.00    90.77
   6754.00    89.74
   6755.00    90.28
   6756.00    89.78
   6757.00    89.71
   6758.00    88.87
   6759.00    89.13
   6760.00    88.55
   6761.00    86.96
   6762.00    87.92
   6763.00    86.32
   6764.00    84.24
   6765.00    82.17
   6766.00    78.16
   6767.00    75.26
   6768.00    72.26
   6769.00    67.90
   6770.00    63.30
   6771.00    58.08
   6772.00    54.44
   6773.00    50.04
   6774.00    44.91
   6775.00    41.41
   6776.00    37.56
   6777.00    34.01
   6778.00    30.35
   6779.00    27.80
   6780.00    24.94
   6781.00    22.84
   6782.00    20.86
   6783.00    18.60
   6784.00    17.31
   6785.00    15.66
   6786.00    14.27
   6787.00    12.78
   6788.00    11.88
   6789.00    10.93
   6790.00     9.86
   6791.00     8.75
   6792.00     7.87
   6793.00     7.06
   6794.00     6.66
   6795.00     5.97
   6796.00     5.53
   6797.00     5.01
   6798.00     4.36
   6799.00     3.91
   6800.00     3.53
   6801.00     3.19
   6802.00     2.90
   6803.00     2.55
   6804.00     2.56
   6805.00     2.32
   6806.00     2.02
   6807.00     1.76
   6808.00     1.75
   6809.00     1.71
   6810.00     1.43
   6811.00     1.32
   6812.00     1.24
   6813.00     1.16
   6814.00     1.00
   6815.00     0.98
   6816.00     0.81
   6817.00     0.88
   6818.00     0.81
   6819.00     0.71
   6820.00     0.76
   6821.00     0.59
   6822.00     0.66
   6823.00     0.46
   6824.00     0.46
   6825.00     0.44
   6826.00     0.51
   6827.00     0.48
   6828.00     0.45
   6829.00     0.35
   6830.00     0.35
   6831.00     0.36
   6832.00     0.34
   6833.00     0.35
   6834.00     0.38
   6835.00     0.20
   6836.00     0.22
   6837.00     0.34
   6838.00     0.19
   6839.00     0.20
   6840.00     0.18
   6841.00     0.15
   6842.00     0.22
   6843.00     0.14
   6844.00     0.05
   6845.00     0.25
   6846.00     0.15
   6847.00     0.13
   6848.00     0.20
   6849.00     0.17
   6850.00     0.23
   6851.00     0.13
   6852.00     0.15
   6853.00     0.22
   6854.00     0.28
   6855.00     0.16
   6856.00     0.23
   6857.00     0.18
   6858.00     0.10
   6859.00     0.10
   6860.00     0.03
   6861.00    -0.01
   6862.00     0.06
   6863.00     0.05
   6864.00     0.07
   6865.00    -0.01
   6866.00     0.04
   6867.00     0.14
   6868.00     0.04
   6869.00     0.09
   6870.00     0.10
   6871.00     0.08
   6872.00     0.10
   6873.00     0.06
   6874.00     0.18
   6875.00     0.08
   6876.00     0.08
   6877.00     0.15
   6878.00     0.13
   6879.00     0.12
   6880.00     0.00
   6881.00     0.05
   6882.00     0.01
   6883.00     0.11
   6884.00     0.24
   6885.00     0.07
   6886.00     0.12
   6887.00     0.11
   6888.00     0.05
   6889.00     0.04
   6890.00     0.00
   6891.00    -0.03
   6892.00     0.10
   6893.00     0.09
   6894.00     0.13
   6895.00     0.00
   6896.00     0.08
   6897.00     0.03
   6898.00     0.08
   6899.00     0.09

