   6450.00     5.19
   6451.00     5.09
   6452.00     4.98
   6453.00     4.88
   6454.00     4.78
   6455.00     4.68
   6456.00     4.58
   6457.00     4.48
   6458.00     4.37
   6459.00     4.27
   6460.00     4.17
   6461.00     4.07
   6462.00     3.97
   6463.00     3.87
   6464.00     3.76
   6465.00     3.66
   6466.00     3.56
   6467.00     3.46
   6468.00     3.36
   6469.00     3.26
   6470.00     3.15
   6471.00     3.05
   6472.00     2.95
   6473.00     2.85
   6474.00     2.75
   6475.00     2.65
   6476.00     2.54
   6477.00     2.44
   6478.00     2.34
   6479.00     2.24
   6480.00     2.14
   6481.00     2.04
   6482.00     1.93
   6483.00     1.83
   6484.00     1.73
   6485.00     1.63
   6486.00     1.53
   6487.00     1.42
   6488.00     1.32
   6489.00     1.22
   6490.00     1.12
   6491.00     1.01
   6492.00     0.91
   6493.00     0.81
   6494.00     0.71
   6495.00     0.61
   6496.00     0.51
   6497.00     0.41
   6498.00     0.32
   6499.00     0.22
   6500.00     0.12
   6501.00     0.02
   6502.00     0.04
   6503.00     0.26
   6504.00     0.18
   6505.00     0.14
   6506.00     0.21
   6507.00     0.33
   6508.00     0.26
   6509.00     0.19
   6510.00     0.15
   6511.00     0.09
   6512.00     0.18
   6513.00     0.25
   6514.00     0.31
   6515.00     0.23
   6516.00     0.21
   6517.00     0.25
   6518.00     0.27
   6519.00     0.30
   6520.00     0.27
   6521.00     0.46
   6522.00     0.33
   6523.00     0.27
   6524.00     0.19
   6525.00     0.28
   6526.00     0.35
   6527.00     0.36
   6528.00     0.40
   6529.00     0.32
   6530.00     0.48
   6531.00     0.51
   6532.00     0.53
   6533.00     0.52
   6534.00     0.39
   6535.00     0.49
   6536.00     0.58
   6537.00     0.62
   6538.00     0.64
   6539.00     0.67
   6540.00     0.77
   6541.00     0.79
   6542.00     0.99
   6543.00     0.97
   6544.00     0.95
   6545.00     1.05
   6546.00     1.07
   6547.00     1.36
   6548.00     1.51
   6549.00     1.73
   6550.00     2.10
   6551.00     2.06
   6552.00     2.27
   6553.00     2.43
   6554.00     2.84
   6555.00     3.06
   6556.00     3.47
   6557.00     3.55
   6558.00     4.12
   6559.00     4.46
   6560.00     4.80
   6561.00     5.51
   6562.00     6.13
   6563.00     6.90
   6564.00     7.48
   6565.00     8.44
   6566.00     9.52
   6567.00    10.49
   6568.00    11.61
   6569.00    12.76
   6570.00    14.65
   6571.00    16.19
   6572.00    18.33
   6573.00    20.66
   6574.00    22.94
   6575.00    25.43
   6576.00    28.55
   6577.00    31.82
   6578.00    35.77
   6579.00    39.57
   6580.00    43.53
   6581.00    47.84
   6582.00    51.98
   6583.00    56.37
   6584.00    60.46
   6585.00    64.60
   6586.00    69.04
   6587.00    72.44
   6588.00    75.37
   6589.00    78.91
   6590.00    81.46
   6591.00    83.91
   6592.00    86.21
   6593.00    87.36
   6594.00    88.35
   6595.00    89.06
   6596.00    89.14
   6597.00    89.48
   6598.00    89.83
   6599.00    90.29
   6600.00    89.79
   6601.00    89.48
   6602.00    89.71
   6603.00    89.73
   6604.00    89.45
   6605.00    90.38
   6606.00    90.03
   6607.00    90.23
   6608.00    90.75
   6609.00    90.29
   6610.00    90.17
   6611.00    90.15
   6612.00    90.76
   6613.00    90.28
   6614.00    90.46
   6615.00    90.50
   6616.00    90.80
   6617.00    91.76
   6618.00    91.78
   6619.00    91.85
   6620.00    91.32
   6621.00    90.83
   6622.00    91.21
   6623.00    91.77
   6624.00    92.02
   6625.00    91.66
   6626.00    92.06
   6627.00    91.60
   6628.00    91.70
   6629.00    92.33
   6630.00    92.20
   6631.00    92.03
   6632.00    91.40
   6633.00    91.29
   6634.00    91.27
   6635.00    91.34
   6636.00    91.19
   6637.00    91.74
   6638.00    91.75
   6639.00    92.04
   6640.00    92.42
   6641.00    92.04
   6642.00    91.85
   6643.00    91.24
   6644.00    90.24
   6645.00    90.85
   6646.00    89.93
   6647.00    89.15
   6648.00    88.48
   6649.00    87.22
   6650.00    85.00
   6651.00    83.02
   6652.00    80.49
   6653.00    78.14
   6654.00    74.84
   6655.00    71.62
   6656.00    68.32
   6657.00    64.65
   6658.00    60.00
   6659.00    55.53
   6660.00    51.47
   6661.00    47.79
   6662.00    43.86
   6663.00    39.95
   6664.00    36.46
   6665.00    33.10
   6666.00    30.01
   6667.00    26.66
   6668.00    24.39
   6669.00    22.14
   6670.00    19.58
   6671.00    17.50
   6672.00    16.04
   6673.00    14.52
   6674.00    12.94
   6675.00    11.55
   6676.00    10.17
   6677.00     9.33
   6678.00     8.68
   6679.00     7.41
   6680.00     6.92
   6681.00     6.30
   6682.00     5.61
   6683.00     5.17
   6684.00     4.80
   6685.00     4.21
   6686.00     3.79
   6687.00     3.50
   6688.00     3.06
   6689.00     2.96
   6690.00     2.74
   6691.00     2.58
   6692.00     2.33
   6693.00     1.95
   6694.00     1.70
   6695.00     1.41
   6696.00     1.57
   6697.00     1.40
   6698.00     1.56
   6699.00     1.61
   6700.00     1.23
   6701.00     1.23
   6702.00     1.03
   6703.00     1.14
   6704.00     1.02
   6705.00     0.87
   6706.00     0.76
   6707.00     0.83
   6708.00     0.77
   6709.00     0.65
   6710.00     0.63
   6711.00     0.78
   6712.00     0.63
   6713.00     0.66
   6714.00     0.34
   6715.00     0.35
   6716.00     0.49
   6717.00     0.44
   6718.00     0.40
   6719.00     0.38
   6720.00     0.36
   6721.00     0.40
   6722.00     0.48
   6723.00     0.53
   6724.00     0.34
   6725.00     0.33
   6726.00     0.30
   6727.00     0.24
   6728.00     0.38
   6729.00     0.32
   6730.00     0.34
   6731.00     0.40
   6732.00     0.42
   6733.00     0.40
   6734.00     0.09
   6735.00     0.14
   6736.00     0.29
   6737.00     0.26
   6738.00     0.29
   6739.00     0.16
   6740.00     0.30
   6741.00     0.31
   6742.00     0.31
   6743.00     0.18
   6744.00     0.20
   6745.00     0.26
   6746.00     0.31
   6747.00     0.19
   6748.00     0.22
   6749.00     0.34

