   6440.00    -1.07
   6441.00    -1.05
   6442.00    -1.03
   6443.00    -1.00
   6444.00    -0.98
   6445.00    -0.96
   6446.00    -0.94
   6447.00    -0.91
   6448.00    -0.89
   6449.00    -0.87
   6450.00    -0.85
   6451.00    -0.83
   6452.00    -0.80
   6453.00    -0.78
   6454.00    -0.76
   6455.00    -0.74
   6456.00    -0.72
   6457.00    -0.69
   6458.00    -0.67
   6459.00    -0.65
   6460.00    -0.63
   6461.00    -0.61
   6462.00    -0.59
   6463.00    -0.56
   6464.00    -0.54
   6465.00    -0.52
   6466.00    -0.50
   6467.00    -0.48
   6468.00    -0.46
   6469.00    -0.44
   6470.00    -0.42
   6471.00    -0.40
   6472.00    -0.38
   6473.00    -0.35
   6474.00    -0.33
   6475.00    -0.31
   6476.00    -0.29
   6477.00    -0.27
   6478.00    -0.25
   6479.00    -0.23
   6480.00    -0.21
   6481.00    -0.19
   6482.00    -0.17
   6483.00    -0.14
   6484.00    -0.12
   6485.00    -0.10
   6486.00    -0.08
   6487.00    -0.06
   6488.00    -0.04
   6489.00    -0.02
   6490.00     0.00
   6491.00     0.02
   6492.00     0.04
   6493.00     0.07
   6494.00     0.09
   6495.00     0.11
   6496.00     0.13
   6497.00     0.15
   6498.00     0.17
   6499.00     0.19
   6500.00     0.22
   6501.00     0.24
   6502.00     0.18
   6503.00     0.23
   6504.00     0.31
   6505.00     0.21
   6506.00     0.14
   6507.00     0.21
   6508.00     0.14
   6509.00     0.07
   6510.00     0.10
   6511.00     0.11
   6512.00     0.11
   6513.00     0.13
   6514.00     0.20
   6515.00     0.18
   6516.00     0.14
   6517.00     0.03
   6518.00     0.11
   6519.00     0.18
   6520.00     0.06
   6521.00     0.10
   6522.00     0.12
   6523.00     0.20
   6524.00     0.16
   6525.00     0.18
   6526.00     0.16
   6527.00     0.17
   6528.00     0.12
   6529.00    -0.03
   6530.00     0.06
   6531.00     0.17
   6532.00     0.14
   6533.00     0.22
   6534.00     0.08
   6535.00     0.14
   6536.00     0.16
   6537.00     0.15
   6538.00     0.20
   6539.00     0.10
   6540.00     0.13
   6541.00     0.19
   6542.00     0.13
   6543.00     0.14
   6544.00     0.09
   6545.00     0.21
   6546.00     0.21
   6547.00     0.17
   6548.00     0.20
   6549.00     0.22
   6550.00     0.29
   6551.00     0.24
   6552.00     0.20
   6553.00     0.28
   6554.00     0.40
   6555.00     0.33
   6556.00     0.41
   6557.00     0.17
   6558.00     0.34
   6559.00     0.19
   6560.00     0.26
   6561.00     0.31
   6562.00     0.25
   6563.00     0.37
   6564.00     0.33
   6565.00     0.39
   6566.00     0.33
   6567.00     0.49
   6568.00     0.50
   6569.00     0.52
   6570.00     0.58
   6571.00     0.47
   6572.00     0.51
   6573.00     0.55
   6574.00     0.42
   6575.00     0.61
   6576.00     0.64
   6577.00     0.78
   6578.00     0.80
   6579.00     0.96
   6580.00     0.97
   6581.00     1.00
   6582.00     1.07
   6583.00     1.06
   6584.00     1.42
   6585.00     1.41
   6586.00     1.48
   6587.00     1.59
   6588.00     1.69
   6589.00     1.82
   6590.00     2.01
   6591.00     2.39
   6592.00     2.40
   6593.00     2.67
   6594.00     2.96
   6595.00     3.18
   6596.00     3.50
   6597.00     3.77
   6598.00     4.00
   6599.00     4.35
   6600.00     4.79
   6601.00     5.60
   6602.00     6.23
   6603.00     7.08
   6604.00     7.71
   6605.00     8.81
   6606.00     9.89
   6607.00    11.30
   6608.00    12.74
   6609.00    14.24
   6610.00    15.83
   6611.00    17.99
   6612.00    20.11
   6613.00    22.20
   6614.00    25.12
   6615.00    27.96
   6616.00    30.86
   6617.00    34.37
   6618.00    38.19
   6619.00    42.03
   6620.00    46.10
   6621.00    49.94
   6622.00    54.17
   6623.00    57.24
   6624.00    61.46
   6625.00    65.21
   6626.00    68.35
   6627.00    71.90
   6628.00    74.82
   6629.00    77.63
   6630.00    79.86
   6631.00    81.50
   6632.00    83.20
   6633.00    84.72
   6634.00    85.85
   6635.00    86.40
   6636.00    86.72
   6637.00    87.87
   6638.00    87.64
   6639.00    88.43
   6640.00    88.74
   6641.00    88.25
   6642.00    88.44
   6643.00    88.42
   6644.00    87.83
   6645.00    88.72
   6646.00    88.69
   6647.00    88.85
   6648.00    89.55
   6649.00    89.40
   6650.00    89.39
   6651.00    89.28
   6652.00    89.15
   6653.00    89.96
   6654.00    90.01
   6655.00    90.23
   6656.00    90.02
   6657.00    90.60
   6658.00    89.79
   6659.00    89.41
   6660.00    89.52
   6661.00    90.18
   6662.00    90.25
   6663.00    90.61
   6664.00    90.00
   6665.00    89.21
   6666.00    89.19
   6667.00    89.63
   6668.00    89.71
   6669.00    89.69
   6670.00    88.95
   6671.00    89.20
   6672.00    89.15
   6673.00    88.64
   6674.00    88.51
   6675.00    88.21
   6676.00    88.28
   6677.00    88.26
   6678.00    87.91
   6679.00    88.36
   6680.00    88.18
   6681.00    88.22
   6682.00    88.53
   6683.00    88.04
   6684.00    88.01
   6685.00    87.29
   6686.00    86.50
   6687.00    86.54
   6688.00    85.54
   6689.00    83.46
   6690.00    82.27
   6691.00    79.80
   6692.00    77.46
   6693.00    74.88
   6694.00    71.89
   6695.00    69.02
   6696.00    65.58
   6697.00    61.06
   6698.00    58.01
   6699.00    54.17
   6700.00    50.37
   6701.00    46.99
   6702.00    43.23
   6703.00    39.76
   6704.00    36.53
   6705.00    33.26
   6706.00    30.72
   6707.00    27.51
   6708.00    24.93
   6709.00    22.70
   6710.00    20.42
   6711.00    18.16
   6712.00    16.54
   6713.00    14.95
   6714.00    13.53
   6715.00    12.40
   6716.00    11.17
   6717.00     9.89
   6718.00     8.81
   6719.00     8.13
   6720.00     7.42
   6721.00     6.87
   6722.00     6.08
   6723.00     5.32
   6724.00     4.92
   6725.00     4.13
   6726.00     3.77
   6727.00     3.65
   6728.00     3.21
   6729.00     2.92
   6730.00     2.50
   6731.00     2.45
   6732.00     2.16
   6733.00     1.94
   6734.00     1.88
   6735.00     1.60
   6736.00     1.63
   6737.00     1.67
   6738.00     1.41
   6739.00     1.35
   6740.00     1.25
   6741.00     1.19
   6742.00     0.92
   6743.00     0.91
   6744.00     0.94
   6745.00     0.95
   6746.00     0.87
   6747.00     0.98
   6748.00     0.67
   6749.00     0.76
   6750.00     0.63
   6751.00     0.62
   6752.00     0.53
   6753.00     0.51
   6754.00     0.51
   6755.00     0.46
   6756.00     0.45
   6757.00     0.28
   6758.00     0.24
   6759.00     0.54
   6760.00     0.44
   6761.00     0.47
   6762.00     0.32
   6763.00     0.40
   6764.00     0.30
   6765.00     0.30
   6766.00     0.35
   6767.00     0.35
   6768.00     0.38
   6769.00     0.11
   6770.00     0.12
   6771.00     0.21
   6772.00     0.27
   6773.00     0.26
   6774.00     0.25
   6775.00     0.22
   6776.00     0.24
   6777.00     0.34
   6778.00     0.21
   6779.00     0.19
   6780.00     0.28
   6781.00     0.16
   6782.00     0.24
   6783.00     0.36
   6784.00     0.37
   6785.00     0.25
   6786.00     0.13
   6787.00     0.15
   6788.00     0.26
   6789.00     0.33
   6790.00     0.24
   6791.00     0.10
   6792.00     0.12
   6793.00     0.29
   6794.00     0.29
   6795.00     0.39
   6796.00     0.25
   6797.00     0.14
   6798.00     0.19
   6799.00     0.30

